1,高中文言名句名段A1_注音释义.txt,1591528422935,101,4,30
2,高中文言名句名段A1_易错字.txt,1591528422943,102,4,30
3,高中文言名句名段A1_补全.txt,1591528422952,103,4,30
4,高中文言名句名段A2_注音释义.txt,1591528423032,104,5,30
5,高中文言名句名段A2_易错字.txt,1591528423042,105,5,30
6,高中文言名句名段A2_补全.txt,1591528423051,106,5,30
7,高中文言名句名段A3_注音释义.txt,1591528423060,107,4,30
8,高中文言名句名段A3_易错字.txt,1591528423070,108,4,30
9,高中文言名句名段A3_补全.txt,1591528423080,109,4,30
10,高中文言名句名段A4_注音释义.txt,1591528423149,110,4,30
11,高中文言名句名段A4_易错字.txt,1591528423159,111,4,30
12,高中文言名句名段A4_补全.txt,1591528423168,112,4,30
13,高中文言名句名段A5_注音释义.txt,1591528423246,113,5,30
14,高中文言名句名段A5_易错字.txt,1591528423255,114,5,30
15,高中文言名句名段A5_补全.txt,1591528423264,115,5,30
16,高中文言名句名段A6_注音释义.txt,1591528423274,116,4,22
17,高中文言名句名段A6_易错字.txt,1591528423283,117,4,22
18,高中文言名句名段A6_补全.txt,1591528423292,118,4,22
19,高中文言名句名段B1_注音释义.txt,1591528423302,119,5,30
20,高中文言名句名段B1_易错字.txt,1591528423312,120,5,30
21,高中文言名句名段B1_补全.txt,1591528423322,121,5,30
22,高中文言名句名段B2_注音释义.txt,1591528423334,122,4,30
23,高中文言名句名段B2_易错字.txt,1591528423349,123,4,30
24,高中文言名句名段B2_补全.txt,1591528423361,124,4,30
25,高中文言名句名段B3_注音释义.txt,1591528423371,125,5,30
26,高中文言名句名段B3_易错字.txt,1591528423381,126,5,30
27,高中文言名句名段B3_补全.txt,1591528423390,127,5,30
28,高中文言名句名段B4_注音释义.txt,1591528423400,128,5,30
29,高中文言名句名段B4_易错字.txt,1591528423409,129,5,30
30,高中文言名句名段B4_补全.txt,1591528423482,130,5,30
31,高中文言名句名段B5_注音释义.txt,1591528423491,131,4,30
32,高中文言名句名段B5_易错字.txt,1591528423501,132,4,30
33,高中文言名句名段B5_补全.txt,1591528423510,133,4,30
34,高中文言名句名段B6_注音释义.txt,1591528423519,134,4,13
35,高中文言名句名段B6_易错字.txt,1591528423529,135,4,13
36,高中文言名句名段B6_补全.txt,1591528423540,136,4,13
37,高中文言名句名段C1_注音释义.txt,1591528423548,137,5,30
38,高中文言名句名段C1_易错字.txt,1591528423558,138,5,30
39,高中文言名句名段C1_补全.txt,1591528423567,139,5,30
40,高中文言名句名段C2_注音释义.txt,1591528423576,140,4,30
41,高中文言名句名段C2_易错字.txt,1591528423585,141,4,30
42,高中文言名句名段C2_补全.txt,1591528423593,142,4,30
43,高中文言名句名段C3_注音释义.txt,1591528423675,143,5,30
44,高中文言名句名段C3_易错字.txt,1591528423684,144,4,30
45,高中文言名句名段C3_补全.txt,1591528423694,145,4,30
46,高中文言名句名段C4_注音释义.txt,1591528423704,146,4,30
47,高中文言名句名段C4_易错字.txt,1591528423715,147,4,30
48,高中文言名句名段C4_补全.txt,1591528423725,148,4,30
49,高中文言名句名段C5_注音释义.txt,1591528423799,149,4,30
50,高中文言名句名段C5_易错字.txt,1591528423809,150,4,30
51,高中文言名句名段C5_补全.txt,1591528423818,151,4,30
52,高中文言名句名段C6_注音释义.txt,1591528423829,152,4,30
53,高中文言名句名段C6_易错字.txt,1591528423839,153,4,30
54,高中文言名句名段C6_补全.txt,1591528423848,154,4,30
55,高中文言名句名段C7_注音释义.txt,1591528423859,155,4,30
56,高中文言名句名段C7_易错字.txt,1591528423869,156,4,30
57,高中文言名句名段C7_补全.txt,1591528423884,157,4,30
