1,春.txt,1591528428196,101,6,39
2,济南的冬天.txt,1591528428206,102,4,29
3,雨的四季.txt,1591528428224,103,5,36
4,古代诗词四首.txt,1591528428326,104,4,5
5,秋天的怀念.txt,1591528428342,105,4,33
6,散步.txt,1591528428352,106,5,27
7,散文二首.txt,1591528428424,107,4,35
8,世说新语.txt,1591528428440,108,4,23
9,从百草园到三味书屋.txt,1591528428455,109,6,33
10,再塑生命的人.txt,1591528428469,110,5,37
11,论语十二章.txt,1591528428485,125,2,45
12,纪念白求恩.txt,1591528428504,126,2,33
13,植树的牧羊人.txt,1591528428516,127,2,29
14,走一步再走一步.txt,1591528428531,128,2,30
15,诫子书.txt,1591528428543,129,2,33
16,猫.txt,1591528428557,130,2,35
17,动物笑谈.txt,1591528428574,131,2,32
18,狼.txt,1591528428588,132,2,47
19,皇帝的新装.txt,1591528428600,133,2,32
20,天上的街市.txt,1591528428614,119,4,5
21,女娲造人.txt,1591528428720,134,2,27
22,寓言四则.txt,1591528428744,135,2,45
