1,邓稼先.txt,1591528429673,101,5,22
2,说和做.txt,1591528429688,102,5,36
3,回忆鲁迅先生.txt,1591528429704,103,4,23
4,孙权劝学.txt,1591528429712,104,5,7
5,黄河颂.txt,1591528429727,105,5,17
6,老山界.txt,1591528429739,125,2,10
7,土地的誓言.txt,1591528429755,107,6,28
8,木兰诗.txt,1591528429765,108,7,8
9,阿长与山海经.txt,1591528429779,109,6,32
10,老王.txt,1591528429793,110,4,19
11,台阶.txt,1591528429810,111,4,19
12,卖油翁.txt,1591528429824,112,4,8
13,叶圣陶先生二三事.txt,1591528429835,113,4,16
14,驿路梨花.txt,1591528429899,114,5,18
15,最苦与最乐.txt,1591528429910,115,4,13
16,短文两篇.txt,1591528429922,116,5,15
17,紫藤萝瀑布.txt,1591528429999,117,5,18
18,一棵小桃树.txt,1591528430014,118,5,17
19,外国诗二首.txt,1591528430026,119,5,9
20,古代诗歌五首.txt,1591528430042,120,5,8
21,伟大的悲剧.txt,1591528430060,121,5,39
22,太空一日.txt,1591528430072,122,6,17
23,带上她的眼睛.txt,1591528430086,123,5,14
24,河中石兽.txt,1591528430100,124,5,12
