1,沁园春雪.txt,1591528429285,101,5,14
2,我爱这土地.txt,1591528429295,102,5,9
3,乡愁.txt,1591528429327,103,5,4
4,你是人间的四月天.txt,1591528429335,104,5,8
5,我看.txt,1591528429347,105,5,13
6,敬业与乐业.txt,1591528429360,106,5,24
7,就英法联军远征中国致巴勒特上尉的信.txt,1591528429374,107,5,21
8,论教养.txt,1591528429388,108,6,22
9,精神的三间小屋.txt,1591528429399,109,5,27
10,岳阳楼记.txt,1591528429413,110,5,41
11,醉翁亭记.txt,1591528429431,111,6,35
12,湖心亭看雪.txt,1591528429448,112,5,15
13,诗词三首.txt,1591528429456,113,5,8
14,故乡.txt,1591528429466,114,5,42
15,我的叔叔于勒.txt,1591528429483,115,5,24
16,孤独之旅.txt,1591528429494,116,5,34
17,中国人失掉自信力了吗.txt,1591528429503,117,5,25
18,怀疑与学问.txt,1591528429518,118,5,17
19,谈创造性思维.txt,1591528429528,119,5,18
20,创造宣言.txt,1591528429543,120,5,21
21,智取生辰纲.txt,1591528429555,121,6,45
22,范进中举.txt,1591528429570,122,6,44
23,三顾茅庐.txt,1591528429581,123,6,52
24,刘姥姥进大观园.txt,1591528429595,124,6,22
