1,祖国啊我亲爱的祖国.txt,1591528428754,101,5,8
2,梅岭三章.txt,1591528428771,102,4,4
3,短诗五首.txt,1591528428781,103,3,4
4,海燕.txt,1591528428795,104,4,7
5,孔乙己.txt,1591528428804,105,3,16
6,变色龙.txt,1591528428823,106,4,19
7,溜索.txt,1591528428837,107,4,15
8,蒲柳人家.txt,1591528428899,108,5,36
9,鱼我所欲也.txt,1591528428929,109,5,33
10,唐雎不辱使命.txt,1591528429000,110,3,16
11,送东阳马生序.txt,1591528429014,111,3,40
12,词四首.txt,1591528429090,112,4,9
13,短文两篇.txt,1591528429136,113,4,19
14,山水画的意境.txt,1591528429156,114,5,9
15,无言之美.txt,1591528429168,115,4,14
16,驱遣我们的想象.txt,1591528429184,116,4,7
17,屈原.txt,1591528429193,117,4,16
18,天下第一楼.txt,1591528429202,118,4,16
19,枣儿.txt,1591528429213,119,4,11
20,曹刿论战.txt,1591528429223,120,4,17
21,邹忌讽齐王纳谏.txt,1591528429234,121,5,15
22,陈涉世家.txt,1591528429253,124,2,34
23,出师表.txt,1591528429262,125,2,34
24,诗词曲五首.txt,1591528429275,126,2,15
