1,消息二则.txt,1591528430684,101,5,17
2,首届诺贝尔奖颁发.txt,1591528430757,102,5,11
3,飞天凌空.txt,1591528430766,103,5,16
4,一着惊海天.txt,1591528430780,104,5,14
5,国行公祭，为佑世界和平.txt,1591528430791,127,2,1
6,藤野先生.txt,1591528430802,128,2,23
7,回忆我的母亲.txt,1591528430814,129,2,25
8,列夫托尔斯泰.txt,1591528430828,130,2,40
9,美丽的颜色.txt,1591528430843,131,2,28
10,三峡.txt,1591528430856,132,2,38
11,短文二篇.txt,1591528430866,133,2,29
12,与朱元思书.txt,1591528430962,134,2,25
13,唐诗五首.txt,1591528431008,135,2,23
14,背影.txt,1591528431099,136,2,14
15,白杨礼赞.txt,1591528431133,137,2,17
16,散文两篇.txt,1591528431207,138,2,12
17,昆明的雨.txt,1591528431217,139,2,12
18,中国石拱桥.txt,1591528431229,140,2,12
19,苏州园林.txt,1591528431241,141,2,11
20,蝉.txt,1591528431252,142,2,33
21,梦回繁华.txt,1591528431264,143,2,34
22,孟子二章.txt,1591528431346,144,2,20
23,愚公移山.txt,1591528431358,145,2,41
24,周亚夫军细柳.txt,1591528431385,146,2,15
25,诗词五首.txt,1591528431395,147,2,8
