1,反义单字01.txt,1591528427703,101,3,52
2,反义单字02.txt,1591528427776,102,3,51
3,反义成语01.txt,1591528427792,103,3,26
4,反义词语01.txt,1591528427806,104,4,50
5,反义词语02.txt,1591528427817,105,4,50
6,反义词语03.txt,1591528427839,106,3,50
7,反义词语04.txt,1591528427901,107,3,50
8,反义词语05.txt,1591528427913,108,3,50
9,反义词语06.txt,1591528427925,109,3,50
10,反义词语07.txt,1591528428006,110,3,50
11,反义词语08.txt,1591528428016,111,3,50
12,反义词语09.txt,1591528428033,112,3,50
13,反义词语10.txt,1591528428051,113,3,50
14,反义词语11.txt,1591528428068,114,4,50
15,反义词语12.txt,1591528428080,115,3,50
16,反义词语13.txt,1591528428096,116,3,50
17,反义词语14.txt,1591528428167,117,3,50
18,反义词语15.txt,1591528428183,118,3,39
