7,七字成语_注音.txt,1591528426281,101,3,5
1,三字成语_注音.txt,1591528426290,104,3,20
3,五字成语_注音.txt,1591528426298,107,3,10
9,八字成语_注音.txt,1591528426306,110,3,11
5,六字成语_注音.txt,1591528426316,113,3,6
11,十字成语_注音.txt,1591528426324,116,3,4
13,出自历史典故的成语_注音.txt,1591528426399,119,3,17
15,出自古诗词的成语_注音.txt,1591528426407,122,3,13
17,出自寓言故事的成语_注音.txt,1591528426415,125,3,18
19,出自神话故事的成语_注音.txt,1591528426431,128,3,11
21,含反义词的成语_注音.txt,1591528426507,131,3,23
23,含数字的成语_注音.txt,1591528426516,134,4,35
25,含比喻的成语_注音.txt,1591528426525,137,3,12
27,描写事理_注音.txt,1591528426533,140,3,12
29,描写人物动作_注音.txt,1591528426543,143,3,31
31,描写人物品质_注音.txt,1591528426552,146,3,27
33,描写人物外貌_注音.txt,1591528426561,149,3,26
35,描写人物心理_注音.txt,1591528426570,152,3,17
37,描写人物性格_注音.txt,1591528426578,155,3,17
39,描写人物神态_注音.txt,1591528426587,158,3,29
41,描写冬天_注音.txt,1591528426596,161,3,5
43,描写场面_注音.txt,1591528426604,164,3,12
45,描写夏天_注音.txt,1591528426613,167,3,5
47,描写山水_注音.txt,1591528426621,170,3,16
49,描写建筑_注音.txt,1591528426629,173,3,11
51,描写春天_注音.txt,1591528426638,176,3,16
53,描写树木_注音.txt,1591528426647,179,3,8
55,描写环境_注音.txt,1591528426664,182,3,17
57,描写秋天_注音.txt,1591528426673,185,3,5
59,描写花草_注音.txt,1591528426681,188,3,8
61,描写语言_注音.txt,1591528426689,191,3,20
63,结构AABB式_注音.txt,1591528426697,194,3,22
65,结构AABC式_注音.txt,1591528426705,196,3,18
67,结构ABAC式_注音.txt,1591528426713,199,3,32
69,结构ABCA式_注音.txt,1591528426722,202,3,9
71,结构ABCB式_注音.txt,1591528426729,205,3,15
73,结构ABCC式_注音.txt,1591528426737,208,3,18
8,七字成语_释义.txt,1591528426745,211,2,5
2,三字成语_释义.txt,1591528426753,212,2,20
4,五字成语_释义.txt,1591528426762,213,2,10
10,八字成语_释义.txt,1591528426769,214,2,11
6,六字成语_释义.txt,1591528426776,215,2,6
12,十字成语_释义.txt,1591528426784,216,2,4
14,出自历史典故的成语_释义.txt,1591528426794,217,2,17
16,出自古诗词的成语_释义.txt,1591528426848,218,2,13
18,出自寓言故事的成语_释义.txt,1591528426856,219,2,18
20,出自神话故事的成语_释义.txt,1591528426864,220,2,11
22,含反义词的成语_释义.txt,1591528426872,221,2,23
24,含数字的成语_释义.txt,1591528426881,222,2,35
26,含比喻的成语_释义.txt,1591528426890,223,2,12
28,描写事理_释义.txt,1591528426899,224,2,12
30,描写人物动作_释义.txt,1591528426907,225,2,31
32,描写人物品质_释义.txt,1591528426921,226,2,27
34,描写人物外貌_释义.txt,1591528426934,227,2,26
36,描写人物心理_释义.txt,1591528426946,228,2,17
38,描写人物性格_释义.txt,1591528426964,229,2,17
40,描写人物神态_释义.txt,1591528426972,230,2,29
42,描写冬天_释义.txt,1591528427002,231,2,5
44,描写场面_释义.txt,1591528427031,232,2,12
46,描写夏天_释义.txt,1591528427040,233,2,5
48,描写山水_释义.txt,1591528427048,234,2,16
50,描写建筑_释义.txt,1591528427056,235,2,11
52,描写春天_释义.txt,1591528427064,236,2,16
54,描写树木_释义.txt,1591528427072,237,2,8
56,描写环境_释义.txt,1591528427080,238,2,17
58,描写秋天_释义.txt,1591528427089,239,2,5
60,描写花草_释义.txt,1591528427102,240,2,8
62,描写语言_释义.txt,1591528427113,241,2,20
64,结构AABB式_释义.txt,1591528427127,242,2,22
66,结构AABC式_释义.txt,1591528427137,243,2,18
68,结构ABAC式_释义.txt,1591528427149,244,2,32
70,结构ABCA式_释义.txt,1591528427164,245,2,9
72,结构ABCB式_释义.txt,1591528427174,246,2,15
74,结构ABCC式_释义.txt,1591528427186,247,2,18
