1,白鹭_字形.txt,1591528417891,101,2,31
2,白鹭_字音.txt,1591528417899,102,2,34
3,白鹭_词义.txt,1591528417908,103,2,19
4,落花生_字形.txt,1591528417916,104,2,16
5,落花生_字音.txt,1591528417924,105,2,18
6,落花生_词义.txt,1591528417932,106,2,7
7,桂花雨_字形.txt,1591528417940,107,2,14
8,桂花雨_字音.txt,1591528417947,108,2,15
9,桂花雨_词义.txt,1591528417954,109,2,2
11,珍珠鸟_字音.txt,1591528417962,111,2,10
12,搭石_字形.txt,1591528417971,112,2,29
13,搭石_字音.txt,1591528417979,113,2,30
14,搭石_词义.txt,1591528417987,114,2,17
15,将相和_字形.txt,1591528417995,115,2,50
16,将相和_字音.txt,1591528418004,116,2,61
17,将相和_词义.txt,1591528418012,117,2,38
18,什么比猎豹的速度更快_字形.txt,1591528418021,118,2,27
19,什么比猎豹的速度更快_字音.txt,1591528418045,119,2,29
20,什么比猎豹的速度更快_词义.txt,1591528418052,120,2,14
21,猎人海力布_字形.txt,1591528418062,121,2,45
22,猎人海力布_字音.txt,1591528418070,122,2,45
23,猎人海力布_词义.txt,1591528418079,123,2,29
24,牛郎织女一_字形.txt,1591528418087,124,2,41
25,牛郎织女一_字音.txt,1591528418096,125,2,47
26,牛郎织女一_词义.txt,1591528418103,126,2,24
28,牛郎织女二_字音.txt,1591528418111,128,2,10
29,古诗三首_字形.txt,1591528418120,129,2,8
30,古诗三首_字音.txt,1591528418132,130,2,10
31,少年中国说_字形.txt,1591528418140,131,2,9
32,少年中国说_字音.txt,1591528418147,132,2,11
33,圆明园的毁灭_字形.txt,1591528418156,133,2,44
34,圆明园的毁灭_字音.txt,1591528418165,134,2,50
35,圆明园的毁灭_词义.txt,1591528418174,135,2,31
37,木笛_字音.txt,1591528418189,137,2,13
38,太阳_字形.txt,1591528418201,138,2,21
39,太阳_字音.txt,1591528418209,139,2,22
40,太阳_词义.txt,1591528418218,140,2,11
41,松鼠_字形.txt,1591528418226,141,2,33
42,松鼠_字音.txt,1591528418234,142,2,41
43,松鼠_词义.txt,1591528418243,143,2,20
44,慈母情深_字形.txt,1591528418251,144,2,33
45,慈母情深_字音.txt,1591528418259,145,2,41
46,慈母情深_词义.txt,1591528418268,146,2,21
47,父爱之舟_字形.txt,1591528418276,147,2,52
48,父爱之舟_字音.txt,1591528418285,148,2,63
49,父爱之舟_词义.txt,1591528418293,149,2,37
51,精彩极了和糟糕透了_字音.txt,1591528418300,151,2,10
52,古诗词三首_字形.txt,1591528418309,152,2,6
53,古诗词三首_字音.txt,1591528418316,153,2,10
54,四季之美_字形.txt,1591528418324,154,2,27
55,四季之美_字音.txt,1591528418333,155,2,30
56,四季之美_词义.txt,1591528418342,156,2,16
57,鸟的天堂_字形.txt,1591528418350,157,2,28
58,鸟的天堂_字音.txt,1591528418358,158,2,28
59,鸟的天堂_词义.txt,1591528418367,159,2,12
61,月迹_字音.txt,1591528418375,161,2,7
62,古人谈读书_字形.txt,1591528418383,162,2,9
63,古人谈读书_字音.txt,1591528418391,163,2,10
64,忆读书_字形.txt,1591528418400,164,2,43
65,忆读书_字音.txt,1591528418409,165,2,52
66,忆读书_词义.txt,1591528418423,166,2,30
68,我的长生果_字音.txt,1591528418434,168,2,15
