1,古诗三首_字形.txt,1591528420228,101,2,8
2,古诗三首_字音.txt,1591528420235,102,2,14
3,祖父的园子_字形.txt,1591528420244,103,2,34
4,祖父的园子_字音.txt,1591528420252,104,2,44
5,祖父的园子_词义.txt,1591528420259,105,2,10
6,月是故乡明_字音.txt,1591528420323,106,2,30
7,梅花魂_字音.txt,1591528420331,107,2,24
8,草船借箭_字形.txt,1591528420340,108,2,30
9,草船借箭_字音.txt,1591528420349,109,2,41
10,草船借箭_词义.txt,1591528420358,110,2,12
11,景阳冈_字形.txt,1591528420366,111,2,34
12,景阳冈_字音.txt,1591528420376,112,2,62
13,景阳冈_词义.txt,1591528420384,113,2,5
14,猴王出世_字音.txt,1591528420393,114,2,30
15,红楼春趣_字音.txt,1591528420464,115,2,17
16,古诗三首_字形.txt,1591528420472,116,2,12
17,古诗三首_字音.txt,1591528420481,117,2,15
18,青山处处埋忠骨_字形.txt,1591528420549,118,2,41
19,青山处处埋忠骨_字音.txt,1591528420558,119,2,47
20,青山处处埋忠骨_词义.txt,1591528420568,120,2,13
21,军神_字形.txt,1591528420576,121,2,46
22,军神_字音.txt,1591528420585,122,2,48
23,军神_词义.txt,1591528420594,123,2,16
24,清贫_字音.txt,1591528420602,124,2,19
25,人物描写一组_字形.txt,1591528420612,125,2,38
26,人物描写一组_字音.txt,1591528420621,126,2,51
27,人物描写一组_词义.txt,1591528420629,127,2,11
28,刷子李_字形.txt,1591528420638,128,2,44
29,刷子李_字音.txt,1591528420743,129,2,45
30,刷子李_词义.txt,1591528420752,130,2,17
31,自相矛盾_字形.txt,1591528420761,131,2,8
32,自相矛盾_字音.txt,1591528420777,132,2,10
33,田忌赛马_字形.txt,1591528420802,133,2,18
34,田忌赛马_字音.txt,1591528420812,134,2,18
35,田忌赛马_词义.txt,1591528420820,135,2,8
36,跳水_字形.txt,1591528420830,136,2,38
37,跳水_字音.txt,1591528420907,137,2,40
38,跳水_词义.txt,1591528420915,138,2,12
39,威尼斯的小艇_字形.txt,1591528420928,139,2,41
40,威尼斯的小艇_字音.txt,1591528420938,140,2,41
41,威尼斯的小艇_词义.txt,1591528420946,141,2,12
42,牧场之国_字形.txt,1591528420955,142,2,45
43,牧场之国_字音.txt,1591528420965,143,2,58
44,牧场之国_词义.txt,1591528420973,144,2,16
45,金字塔_字音.txt,1591528420982,145,2,20
46,杨氏之子_字形.txt,1591528420991,146,2,6
47,杨氏之子_字音.txt,1591528421000,147,2,6
48,手指_字形.txt,1591528421009,148,2,37
49,手指_字音.txt,1591528421018,149,2,47
50,手指_词义.txt,1591528421026,150,2,9
51,童年的发现_字音.txt,1591528421034,151,2,18
