1,北京的春节_字形.txt,1591528418505,101,2,47
2,北京的春节_字音.txt,1591528418519,102,2,49
3,北京的春节_词义.txt,1591528418538,103,2,19
4,腊八粥_字形.txt,1591528418547,104,2,42
5,腊八粥_字音.txt,1591528418556,105,2,42
6,腊八粥_词义.txt,1591528418565,106,2,18
7,古诗三首_字形.txt,1591528418573,107,2,11
8,古诗三首_字音.txt,1591528418582,108,2,11
9,鲁滨孙漂流记_字形.txt,1591528418591,109,2,50
10,鲁滨孙漂流记_字音.txt,1591528418600,110,2,50
11,鲁滨孙漂流记_词义.txt,1591528418609,111,2,21
12,匆匆_字形.txt,1591528418617,112,2,22
13,匆匆_字音.txt,1591528418626,113,2,22
14,匆匆_词义.txt,1591528418634,114,2,11
15,那个星期天_字形.txt,1591528418642,115,2,42
16,那个星期天_字音.txt,1591528418650,116,2,42
17,那个星期天_词义.txt,1591528418658,117,2,18
18,古诗三首_字形.txt,1591528418665,118,2,8
19,古诗三首_字音.txt,1591528418673,119,2,8
20,十六年前的回忆_字形.txt,1591528418683,120,2,42
21,十六年前的回忆_字音.txt,1591528418700,121,2,43
22,十六年前的回忆_词义.txt,1591528418708,122,2,20
23,为人民服务_字形.txt,1591528418718,123,2,35
24,为人民服务_字音.txt,1591528418726,124,2,35
25,为人民服务_词义.txt,1591528418735,125,2,17
26,文言文二则_字形.txt,1591528418743,126,2,8
27,文言文二则_字音.txt,1591528418750,127,2,9
28,真理诞生于一百个问号之后_字形.txt,1591528418759,128,2,32
29,真理诞生于一百个问号之后_字音.txt,1591528418767,129,2,32
30,真理诞生于一百个问号之后_词义.txt,1591528418775,130,2,20
31,表里的生物_字形.txt,1591528418784,131,2,29
32,表里的生物_字音.txt,1591528418792,132,2,29
33,表里的生物_词义.txt,1591528418800,133,2,16
