1,草原_字形.txt,1591528415889,101,2,27
2,草原_字音.txt,1591528415898,102,2,27
3,草原_词义.txt,1591528415906,103,2,14
4,丁香结_字形.txt,1591528415914,104,2,29
5,丁香结_字音.txt,1591528415924,105,2,29
6,丁香结_词义.txt,1591528415932,106,2,19
7,古诗词三首_字形.txt,1591528415940,107,2,3
8,古诗词三首_字音.txt,1591528415948,108,2,3
9,七律长征_字形.txt,1591528415956,109,2,4
10,七律长征_字音.txt,1591528415964,110,2,4
11,狼牙山五壮士_字形.txt,1591528415974,111,2,34
12,狼牙山五壮士_字音.txt,1591528415982,112,2,34
13,狼牙山五壮士_词义.txt,1591528415990,113,2,20
14,开国大典_字形.txt,1591528415999,114,2,36
15,开国大典_字音.txt,1591528416008,115,2,36
16,开国大典_词义.txt,1591528416017,116,2,18
17,竹节人_字形.txt,1591528416025,117,2,31
18,竹节人_字音.txt,1591528416033,118,2,31
19,竹节人_词义.txt,1591528416115,119,2,16
20,宇宙生命之谜_字形.txt,1591528416125,120,2,36
21,宇宙生命之谜_字音.txt,1591528416134,121,2,36
22,宇宙生命之谜_词义.txt,1591528416142,122,2,20
23,桥_字形.txt,1591528416151,123,2,19
24,桥_字音.txt,1591528416162,124,2,19
25,桥_词义.txt,1591528416170,125,2,11
26,穷人_字形.txt,1591528416180,126,2,31
27,穷人_字音.txt,1591528416196,127,2,31
28,穷人_词义.txt,1591528416204,128,2,17
29,夏天里的成长_字形.txt,1591528416212,129,2,20
30,夏天里的成长_字音.txt,1591528416221,130,2,20
31,夏天里的成长_词义.txt,1591528416229,131,2,11
32,盼_字形.txt,1591528416237,132,2,28
33,盼_字音.txt,1591528416246,133,2,28
34,盼_词义.txt,1591528416254,134,2,13
35,古诗三首_字形.txt,1591528416262,135,2,2
36,古诗三首_字音.txt,1591528416270,136,2,2
37,只有一个地球_字形.txt,1591528416279,137,2,32
38,只有一个地球_字音.txt,1591528416288,138,2,32
39,只有一个地球_词义.txt,1591528416296,139,2,20
40,文言文二则_字形.txt,1591528416304,140,2,7
41,文言文二则_字音.txt,1591528416313,141,2,7
42,月光曲_字形.txt,1591528416321,142,2,22
43,月光曲_字音.txt,1591528416329,143,2,22
44,月光曲_词义.txt,1591528416337,144,2,12
45,少年闰土_字形.txt,1591528416346,145,2,26
46,少年闰土_字音.txt,1591528416354,146,2,26
47,少年闰土_词义.txt,1591528416362,147,2,14
48,好的故事_字形.txt,1591528416370,148,2,28
49,好的故事_字音.txt,1591528416379,149,2,28
50,好的故事_词义.txt,1591528416387,150,2,15
