1,古诗词三首_字形.txt,1591528414988,101,2,28
2,古诗词三首_字音.txt,1591528414997,102,2,30
3,乡下人家_字形.txt,1591528415005,103,2,43
4,乡下人家_字音.txt,1591528415014,104,2,52
5,乡下人家_词义.txt,1591528415023,105,2,14
6,天窗_字形.txt,1591528415032,106,2,34
7,天窗_字音.txt,1591528415041,107,2,34
8,天窗_词义.txt,1591528415049,108,2,12
9,三月桃花水_字音.txt,1591528415057,109,2,5
10,琥珀_字形.txt,1591528415066,110,2,44
11,琥珀_字音.txt,1591528415076,111,2,57
12,琥珀_词义.txt,1591528415084,112,2,15
13,飞向蓝天的恐龙_字形.txt,1591528415162,113,2,45
14,飞向蓝天的恐龙_字音.txt,1591528415171,114,2,55
15,飞向蓝天的恐龙_词义.txt,1591528415187,115,2,14
16,纳米技术就在我们身边_字形.txt,1591528415201,116,2,46
17,纳米技术就在我们身边_字音.txt,1591528415212,117,2,58
18,纳米技术就在我们身边_词义.txt,1591528415220,118,2,16
19,千年梦圆在今朝_字音.txt,1591528415229,119,2,18
20,语文园地二_字音.txt,1591528415238,120,2,24
21,短诗三首_字形.txt,1591528415246,121,2,19
22,短诗三首_字音.txt,1591528415254,122,2,20
23,短诗三首_词义.txt,1591528415262,123,2,3
24,绿_字形.txt,1591528415270,124,2,16
25,绿_字音.txt,1591528415279,125,2,16
26,绿_词义.txt,1591528415287,126,2,8
27,白桦_字形.txt,1591528415304,127,2,28
28,白桦_字音.txt,1591528415313,128,2,36
29,白桦_词义.txt,1591528415321,129,2,6
30,在天晴了的时候_字音.txt,1591528415330,130,2,12
31,语文园地三_字音.txt,1591528415343,131,2,20
32,猫_字形.txt,1591528415359,132,2,39
33,猫_字音.txt,1591528415368,133,2,41
34,猫_词义.txt,1591528415377,134,2,10
35,母鸡_字形.txt,1591528415385,135,2,40
36,母鸡_字音.txt,1591528415394,136,2,55
37,母鸡_词义.txt,1591528415403,137,2,10
38,白鹅_字形.txt,1591528415412,138,2,44
39,白鹅_字音.txt,1591528415420,139,2,57
40,白鹅_词义.txt,1591528415429,140,2,16
41,语文园地四_字音.txt,1591528415438,141,2,22
42,海上日出_字形.txt,1591528415446,142,2,27
43,海上日出_字音.txt,1591528415455,143,2,28
44,海上日出_词义.txt,1591528415462,144,2,9
45,记金华的双龙洞_字形.txt,1591528415471,145,2,45
46,记金华的双龙洞_字音.txt,1591528415480,146,2,53
47,记金华的双龙洞_词义.txt,1591528415548,147,2,15
48,小英雄雨来_字形.txt,1591528415558,148,2,41
49,小英雄雨来_字音.txt,1591528415568,149,2,60
50,小英雄雨来_词义.txt,1591528415578,150,2,14
51,我们家的男子汉_字音.txt,1591528415587,151,2,26
52,芦花鞋_字音.txt,1591528415596,152,2,14
53,古诗三首_字形.txt,1591528415665,153,2,16
54,古诗三首_字音.txt,1591528415676,154,2,17
55,文言文二则_字形.txt,1591528415690,155,2,18
56,文言文二则_字音.txt,1591528415702,156,2,18
57,诺曼底号遇难记_字形.txt,1591528415712,157,2,39
58,诺曼底号遇难记_字音.txt,1591528415722,158,2,55
59,诺曼底号遇难记_词义.txt,1591528415731,159,2,10
60,黄继光_字音.txt,1591528415740,160,2,12
61,语文园地六_字音.txt,1591528415749,161,2,18
62,宝葫芦的秘密_字形.txt,1591528415757,162,2,35
63,宝葫芦的秘密_字音.txt,1591528415766,163,2,37
64,宝葫芦的秘密_词义.txt,1591528415774,164,2,7
65,巨人的花园_字形.txt,1591528415782,165,2,35
66,巨人的花园_字音.txt,1591528415792,166,2,40
67,巨人的花园_词义.txt,1591528415800,167,2,13
68,海的女儿_字音.txt,1591528415808,168,2,26
