1,观潮_字形.txt,1591528421935,101,2,44
2,观潮_字音.txt,1591528421945,102,2,64
3,观潮_词义.txt,1591528421953,103,2,13
4,走月亮_字形.txt,1591528421962,104,2,39
5,走月亮_字音.txt,1591528421972,105,2,51
6,走月亮_词义.txt,1591528421984,106,2,11
7,现代诗二首_字音.txt,1591528422057,107,2,12
8,繁星_字音.txt,1591528422067,108,2,6
9,一个豆荚里的五粒豆_字形.txt,1591528422079,109,2,51
10,一个豆荚里的五粒豆_字音.txt,1591528422089,110,2,65
11,一个豆荚里的五粒豆_词义.txt,1591528422100,111,2,25
12,蝙蝠和雷达_字形.txt,1591528422113,112,2,40
13,蝙蝠和雷达_字音.txt,1591528422183,113,2,60
14,蝙蝠和雷达_词义.txt,1591528422193,114,2,11
15,呼风唤雨的世纪_字形.txt,1591528422214,115,2,54
16,呼风唤雨的世纪_字音.txt,1591528422225,116,2,71
17,呼风唤雨的世纪_词义.txt,1591528422237,117,2,28
18,蝴蝶的家_字音.txt,1591528422246,118,2,16
19,语文园地_字音.txt,1591528422254,119,2,18
20,古诗三首_字形.txt,1591528422263,120,2,26
21,古诗三首_字音.txt,1591528422272,121,2,35
22,爬山虎的脚_字形.txt,1591528422281,122,2,41
23,爬山虎的脚_字音.txt,1591528422290,123,2,48
24,爬山虎的脚_词义.txt,1591528422299,124,2,11
25,蟋蟀的住宅_字形.txt,1591528422309,125,2,57
26,蟋蟀的住宅_字音.txt,1591528422319,126,2,78
27,蟋蟀的住宅_词义.txt,1591528422329,127,2,25
28,盘古开天地_字形.txt,1591528422340,128,2,35
29,盘古开天地_字音.txt,1591528422348,129,2,44
30,盘古开天地_词义.txt,1591528422356,130,2,9
31,精卫填海_字形.txt,1591528422364,131,2,10
32,精卫填海_字音.txt,1591528422373,132,2,18
33,普罗米修斯_字形.txt,1591528422382,133,2,48
34,普罗米修斯_字音.txt,1591528422392,134,2,65
35,普罗米修斯_词义.txt,1591528422401,135,2,19
36,女娲补天_字音.txt,1591528422410,136,2,12
37,语文园地_字音.txt,1591528422417,137,2,18
38,风筝_字形.txt,1591528422427,138,2,31
39,风筝_字音.txt,1591528422435,139,2,38
40,风筝_词义.txt,1591528422444,140,2,8
41,麻雀_字形.txt,1591528422453,141,2,46
42,麻雀_字音.txt,1591528422462,142,2,57
43,麻雀_词义.txt,1591528422471,143,2,19
44,牛和鹅_字形.txt,1591528422480,144,2,40
45,牛和鹅_字音.txt,1591528422490,145,2,55
46,牛和鹅_词义.txt,1591528422498,146,2,11
47,一只窝囊的大老虎_字形.txt,1591528422508,147,2,53
48,一只窝囊的大老虎_字音.txt,1591528422518,148,2,75
49,一只窝囊的大老虎_词义.txt,1591528422529,149,2,26
50,陀螺_字形.txt,1591528422537,150,2,51
51,陀螺_字音.txt,1591528422546,151,2,67
52,陀螺_词义.txt,1591528422554,152,2,23
53,语文园地_字音.txt,1591528422624,153,2,15
54,古诗三首_字形.txt,1591528422634,154,2,20
55,古诗三首_字音.txt,1591528422643,155,2,31
56,为中华之崛起而读书_字形.txt,1591528422712,156,2,55
57,为中华之崛起而读书_字音.txt,1591528422725,157,2,69
58,为中华之崛起而读书_词义.txt,1591528422734,158,2,25
59,梅兰芳蓄须_字音.txt,1591528422748,159,2,23
60,延安，我把你追寻_字音.txt,1591528422761,160,2,8
61,王戎不取道旁李_字形.txt,1591528422769,161,2,10
62,王戎不取道旁李_字音.txt,1591528422778,162,2,13
63,西门豹治邺_字形.txt,1591528422788,163,2,37
64,西门豹治邺_字音.txt,1591528422796,164,2,56
65,西门豹治邺_词义.txt,1591528422805,165,2,11
66,故事二则_字音.txt,1591528422814,166,2,20
67,语文园地_字音.txt,1591528422822,167,2,16
