1,Unit01.txt,1591528432885,101,7,32
2,Unit02.txt,1591528432893,102,7,33
3,Unit03.txt,1591528432902,103,7,31
4,Unit04.txt,1591528432912,104,7,33
5,Unit05.txt,1591528432982,105,7,41
6,Unit06.txt,1591528432992,106,7,41
7,Unit07.txt,1591528433001,107,7,27
8,Unit08.txt,1591528433011,108,7,36
9,Unit09.txt,1591528433019,109,7,35
10,Unit10.txt,1591528433030,110,7,35
11,Unit11.txt,1591528433039,111,7,35
12,Unit12.txt,1591528433047,112,7,31
13,Unit13.txt,1591528433126,113,7,34
14,Unit14.txt,1591528433136,114,7,32
