1,观察物质的方法.txt,1591528413826,120,3,2
2,物质的量.txt,1591528413843,121,3,20
3,物质的分散体系.txt,1591528413853,122,3,18
4,电解质和非电解质.txt,1591528413863,123,3,10
5,离子方程式的书写.txt,1591528413872,124,3,17
6,常见阴离子的特性及检验.txt,1591528413881,125,3,15
7,常见阳离子的特性及检验.txt,1591528413956,126,4,9
8,溶液的配制和分析.txt,1591528413964,127,3,7
9,氧化还原反应.txt,1591528413973,128,3,15
10,钠.txt,1591528413981,129,3,24
11,铝.txt,1591528413990,130,3,23
12,铁.txt,1591528413999,131,3,22
13,镁.txt,1591528414007,132,3,5
14,氮.txt,1591528414016,133,3,13
15,硫.txt,1591528414024,134,3,10
16,硅.txt,1591528414032,135,3,5
17,氯气.txt,1591528414043,136,3,7
18,碳族元素.txt,1591528414063,137,3,15
