1,古诗文名句_01注音释义.txt,1591528424848,122,5,30
2,古诗文名句_02补全易错字.txt,1591528424861,123,5,30
3,古诗文名句_03补全句子.txt,1591528424872,124,4,30
4,古诗文名句_11注音释义.txt,1591528424885,125,4,30
5,古诗文名句_12补全易错字.txt,1591528424917,126,4,30
6,古诗文名句_13补全句子.txt,1591528424944,127,4,30
7,古诗文名句_21注音释义.txt,1591528424960,128,4,30
8,古诗文名句_22补全易错字.txt,1591528424973,129,4,30
9,古诗文名句_23补全句子.txt,1591528424988,130,4,30
10,古诗文名句_31注音释义.txt,1591528425003,131,5,30
11,古诗文名句_32补全易错字.txt,1591528425018,132,5,30
12,古诗文名句_33补全句子.txt,1591528425027,133,5,30
13,古诗文名句_41注音释义.txt,1591528425043,134,4,30
14,古诗文名句_42补全易错字.txt,1591528425059,135,4,30
15,古诗文名句_43补全句子.txt,1591528425069,136,4,30
16,古诗文名句_51注音释义.txt,1591528425141,137,6,30
17,古诗文名句_52补全易错字.txt,1591528425151,138,6,30
18,古诗文名句_53补全句子.txt,1591528425231,139,5,30
19,古诗文名句_61注音释义.txt,1591528425241,140,4,15
20,古诗文名句_62补全易错字.txt,1591528425253,141,4,16
21,古诗文名句_63补全句子.txt,1591528425271,142,4,15
