1,初中文言文常用实词_释义0.txt,1591528425287,101,4,109
2,初中文言文常用实词_释义1.txt,1591528425301,102,4,110
3,初中文言文常用实词_释义2.txt,1591528425314,103,4,110
4,初中文言文常用实词_释义3.txt,1591528425327,104,4,110
5,初中文言文常用实词_释义4.txt,1591528425342,105,3,110
6,初中文言文常用实词_释义5.txt,1591528425367,106,4,110
7,初中文言文常用实词_释义6.txt,1591528425381,107,4,91
8,初中文言文常用虚词_总结.txt,1591528425398,108,4,7
9,初中文言文常用虚词_释义0.txt,1591528425412,109,4,80
10,初中文言文常用虚词_释义1.txt,1591528425424,110,4,80
11,初中古今异义.txt,1591528425437,111,5,86
12,初中文言文一词多义0.txt,1591528425502,112,3,102
13,初中文言文一词多义1.txt,1591528425525,113,4,103
14,初中文言文一词多义2.txt,1591528425541,114,3,102
15,初中文言文一词多义3.txt,1591528425551,115,4,102
16,初中文言文一词多义4.txt,1591528425567,116,4,98
