12,非四字成语_释义.txt,1591528424460,106,6,63
13,典故成语_释义及出处.txt,1591528424471,107,5,26
14,具有双重含义的成语_释义.txt,1591528424542,108,5,29
15,使用对象易误用的成语_释义.txt,1591528424558,109,4,10
16,易褒贬误用的褒义成语_释义.txt,1591528424568,110,5,6
17,易褒贬误用的贬义成语_释义.txt,1591528424581,111,4,16
18,易望文生义的成语_释义.txt,1591528424592,112,5,32
19,中考易错成语_释义与提醒.txt,1591528424604,113,6,36
20,常用熟语_释义.txt,1591528424676,114,4,44
1,初中必会词语_读音与释义01.txt,1591528424692,116,3,110
2,初中必会词语_读音与释义02.txt,1591528424703,117,3,104
3,初中必会词语_读音与释义03.txt,1591528424714,118,3,52
4,初中必会成语_读音与释义01.txt,1591528424726,119,2,115
5,初中必会成语_读音与释义02.txt,1591528424756,120,4,116
6,初中必会成语_读音与释义03.txt,1591528424766,121,3,114
7,初中必会成语_读音与释义04.txt,1591528424781,122,2,118
8,初中必会成语_读音与释义05.txt,1591528424796,123,2,115
9,初中必会成语_读音与释义06.txt,1591528424811,124,2,115
10,初中必会成语_读音与释义07.txt,1591528424824,125,2,115
11,初中必会成语_读音与释义08.txt,1591528424838,126,3,126
